0	00:00:00:00:00:00	5.127177	20160715	060520
1	00:00:00:00:00:00	5.126740	20160715	060526
2	00:00:00:00:00:00	5.125893	20160715	060531
3	00:00:00:00:00:00	5.126836	20160715	060536
4	00:00:00:00:00:00	5.126857	20160715	060542
5	00:00:00:00:00:00	5.126826	20160715	060547
6	00:00:00:00:00:00	5.126836	20160715	060553
7	00:00:00:00:00:00	5.126859	20160715	060558
8	00:00:00:00:00:00	5.126866	20160715	060603
9	00:00:00:00:00:00	5.125825	20160715	060609
10	00:00:00:00:00:00	5.125830	20160715	060614
11	00:00:00:00:00:00	5.128692	20160715	060620
12	00:00:00:00:00:00	5.127598	20160715	060625
13	00:00:00:00:00:00	5.126788	20160715	060630
14	00:00:00:00:00:00	5.127079	20160715	060636
15	00:00:00:00:00:00	5.127085	20160715	060641
16	74:5E:1C:BC:6A:BE	5.125911	20160715	060644
17	74:5E:1C:BC:6A:BE	5.125915	20160715	060648
18	00:00:00:00:00:00	5.127055	20160715	060657
19	00:00:00:00:00:00	5.127000	20160715	060703
20	00:00:00:00:00:00	5.127095	20160715	060708
21	00:00:00:00:00:00	5.127105	20160715	060713
22	00:00:00:00:00:00	5.127905	20160715	060719
23	14:8F:21:80:4C:E9	5.126933	20160715	060724
24	14:8F:21:80:4C:E9	5.125955	20160715	060729
25	6C:76:60:CC:32:0A	5.125885	20160715	060732
25	14:8F:21:80:4C:E9	5.125885	20160715	060734
26	00:00:00:00:00:00	5.127247	20160715	060740
27	00:00:00:00:00:00	5.127310	20160715	060746
28	00:1A:7D:DA:71:13	5.126793	20160715	060748